16
YMF2018_009_S25001.trim 0.0000000 1.1675461 1.0526650 0.9713523 1.0019317 1.0282608 1.0166036 1.0809744 0.9936326 0.9957155 0.9988777 0.9587515 0.9481503 1.0489210 1.1199360 1.0100001 
YMF2018_011_S27001.trim 1.1675461 0.0000000 0.9240643 1.0961562 1.0158976 1.1610793 0.9984623 0.9541793 0.9738984 0.9902772 0.9771438 1.0606913 0.9218471 1.0002588 0.9709690 0.8932335 
YMF2018_012_S29001.trim 1.0526650 0.9240643 0.0000000 1.0721437 1.0487072 1.0988006 0.9953919 0.9772740 0.9255651 1.0295858 0.9401888 0.9408847 0.9241936 1.0121251 0.9695868 0.9109152 
YMF2018_013_S31001.trim 0.9713523 1.0961562 1.0721437 0.0000000 1.0617012 1.1049415 1.0451984 0.9711395 1.0885285 1.0064119 1.0008044 0.9729012 1.0674350 1.1697604 1.0090841 1.0281524 
YMF2018_017_S33001.trim 1.0019317 1.0158976 1.0487072 1.0617012 0.0000000 0.9909953 1.0757862 1.0711003 1.0256649 1.0135603 1.0310326 0.9810015 0.9965252 0.9832088 1.1110997 0.9444073 
YMF2018_018_S35001.trim 1.0282608 1.1610793 1.0988006 1.1049415 0.9909953 0.0000000 1.1166298 1.1604503 1.0628530 1.0856906 1.0572353 1.1649025 1.0345692 1.1339468 1.1884262 1.0116745 
YMF2018_019_S37001.trim 1.0166036 0.9984623 0.9953919 1.0451984 1.0757862 1.1166298 0.0000000 1.0893693 0.9564895 0.9578298 0.9157681 0.9394829 0.9127011 1.0399168 1.1088030 0.9306288 
YMF2018_022_S39001.trim 1.0809744 0.9541793 0.9772740 0.9711395 1.0711003 1.1604503 1.0893693 0.0000000 0.9524120 1.0447664 1.0196438 1.1270270 1.0586998 1.0686250 1.1213816 0.9225103 
YMF2018_025_S26001.trim 0.9936326 0.9738984 0.9255651 1.0885285 1.0256649 1.0628530 0.9564895 0.9524120 0.0000000 1.0456756 0.9891191 1.0288592 0.9930928 1.0160063 1.0715403 0.9195929 
YMF2018_028_S28001.trim 0.9957155 0.9902772 1.0295858 1.0064119 1.0135603 1.0856906 0.9578298 1.0447664 1.0456756 0.0000000 0.9759573 1.0158630 0.9361255 1.1069029 0.9801179 0.9647292 
YMF2018_030_S30001.trim 0.9988777 0.9771438 0.9401888 1.0008044 1.0310326 1.0572353 0.9157681 1.0196438 0.9891191 0.9759573 0.0000000 0.9235111 0.9886660 1.0289894 1.0244072 0.9951578 
YMF2018_032_S32001.trim 0.9587515 1.0606913 0.9408847 0.9729012 0.9810015 1.1649025 0.9394829 1.1270270 1.0288592 1.0158630 0.9235111 0.0000000 0.9664208 1.0092816 1.1081165 0.9041742 
YMF2018_033_S34001.trim 0.9481503 0.9218471 0.9241936 1.0674350 0.9965252 1.0345692 0.9127011 1.0586998 0.9930928 0.9361255 0.9886660 0.9664208 0.0000000 0.9239988 0.9922319 0.8966536 
YMF2018_036_S36001.trim 1.0489210 1.0002588 1.0121251 1.1697604 0.9832088 1.1339468 1.0399168 1.0686250 1.0160063 1.1069029 1.0289894 1.0092816 0.9239988 0.0000000 1.0864833 0.8943057 
YMF2018_037_S38001.trim 1.1199360 0.9709690 0.9695868 1.0090841 1.1110997 1.1884262 1.1088030 1.1213816 1.0715403 0.9801179 1.0244072 1.1081165 0.9922319 1.0864833 0.0000000 0.9943404 
YMF2018_039_S40001.trim 1.0100001 0.8932335 0.9109152 1.0281524 0.9444073 1.0116745 0.9306288 0.9225103 0.9195929 0.9647292 0.9951578 0.9041742 0.8966536 0.8943057 0.9943404 0.0000000 
