231
YMF2018_040_S59001.trim  0.0000000 0.9611097 0.9081682 0.9126675 0.9061683 1.0332329 1.2294790 1.0727397 0.9132683 1.0857745 0.9983484 0.9510410 0.8647696 1.0117403 1.0352984 0.9548553 0.9023565 0.9772332 0.9084842 0.8272289 0.9286519 1.1017716 0.8838553 0.8439901 1.0075012 1.0570821 0.9317186 0.9515048 0.9263506 0.9486830 0.8978546 0.8656552 0.8702303 0.9339500 0.8024025 0.8459882 1.0677327 0.9697689 1.1775723 0.8542563 0.9649857 0.9424843 1.0413521 0.8379555 0.8883152 0.8588598 0.9180344 0.9505850 0.8669407 0.8836165 0.9054195 0.9509866 0.9253771 1.2110417 0.9055107 1.0516367 0.8521531 0.9379146 0.8871814 0.9074879 0.9925227 0.9665115 1.1244308 1.0594573 1.0422879 0.9960839 0.9512051 0.9092231 0.8568777 0.9136043 1.0015926 0.9605894 0.8549556 0.8690294 0.8934990 0.8316727 0.9081983 1.1032793 0.8843567 0.8667323 0.9084749 0.8680771 0.9850231 0.9185954 0.8793333 0.8951374 0.9431467 1.0398604 0.9727443 1.0560902 0.9176698 0.8312136 0.8882923 0.8800773 0.9277988 0.8829305 0.8642231 0.9204984 0.8822597 0.9670520 0.9148923 0.8538661 1.0389068 0.8462277 1.0104567 1.1242822 0.9128510 0.8474337 0.9233064 0.9291012 1.0869774 1.1141635 0.8853355 0.8458344 0.7877041 0.8792173 1.0009184 1.1092063 0.9175994 0.9861014 0.8646462 0.8849100 0.8365234 0.8583032 0.8705949 0.8612425 1.0580542 1.0383446 0.9882906 0.9532967 0.9752502 1.1090723 1.0199087 0.8670887 0.8706661 0.9984771 0.9117226 0.8686756 1.0451933 0.9859420 0.9125386 0.9873919 1.0569219 1.0015123 1.2700323 0.8439334 1.0910819 0.9507956 0.9404603 0.8833544 0.9833204 0.8556374 1.1188270 0.8551487 0.9382628 1.0947904 0.8290286 0.9424460 0.9886945 1.0812104 1.1773620 0.9497187 0.8840806 0.9937978 0.8863273 0.8787417 1.3546518 1.1350787 0.8858846 1.2228541 1.0802908 0.9159027 0.9569445 0.8429859 0.8749582 1.0330337 0.8274973 1.0965227 1.0324508 1.2206421 0.9243694 0.9288758 1.0688147 1.0230441 1.4338475 0.8690265 0.9146821 1.0246634 0.8436025 1.0083932 1.0618518 0.9556380 1.0370617 0.9702907 0.9583102 1.0164745 1.0335133 1.2890981 0.9739944 1.0699668 1.0694893 1.0917104 0.8845512 1.0157928 0.9710448 0.9094467 0.9359221 0.8401370 0.8840171 1.1817423 1.0080135 0.9404414 1.2796973 0.9910045 1.2921077 1.0433680 0.9455493 1.2703796 0.8489533 1.0168376 0.9907264 0.9673312 0.9233037 1.2219885 1.0367467 1.1345768 0.9843618 1.2660174 1.0222364 1.0995251 1.0381472 
YMF2018_041_S71001.trim  0.9611097 0.0000000 0.7034555 0.9420802 0.6963095 0.9808013 1.3658267 0.9250562 0.9401350 0.9246612 0.9181421 0.7093409 0.7427825 0.7721506 1.0240163 0.7826111 0.9905120 0.8889891 0.7504555 0.7986075 0.6697333 1.0098836 0.7259833 0.7847889 1.2082043 0.9376218 0.8641158 0.8746775 0.8238924 0.9916882 0.7558653 0.7150373 0.8406109 0.7800533 0.8265212 0.6656496 1.0225113 1.0288996 0.9968490 0.9135234 0.8816162 0.8952188 0.9298113 0.6324266 0.6597571 0.8858489 0.8307391 0.9527996 0.7603028 1.0458312 0.7708014 0.7963182 0.6556583 1.1215001 0.6822248 0.8585822 0.7212494 0.7983268 0.7662248 0.8020665 1.0365125 0.8689378 1.1133406 0.9584968 0.9017904 0.8114920 0.9269764 0.8848891 0.7739238 0.6828222 0.8622524 0.9065288 0.7457570 0.7338617 0.6859724 0.6909065 0.6550627 1.2383744 0.6822571 0.8533472 0.6937865 0.7473585 0.8735881 0.7797975 0.7380043 0.6746345 0.8215110 1.1089968 0.8710584 0.8965614 1.0168700 0.6619065 0.6698730 0.7487190 0.8494565 0.6568818 0.7052409 0.7318213 0.7320805 0.8699336 0.6768797 0.7421194 1.0185747 0.7538812 0.8181469 0.9693490 0.8230038 0.7693239 0.8496252 0.7967787 0.9025029 1.1597988 0.6865357 0.7649714 0.6242790 0.8236365 0.8990944 0.9555300 0.7176174 0.8591838 0.7499849 0.6809808 0.7229063 0.6968607 0.8058988 0.6613526 0.9465495 1.0466235 1.0577152 0.9370661 0.8912494 1.0416014 1.0271168 0.6674247 0.9056559 0.8616642 0.8203695 0.6873546 1.0309740 0.9982363 0.8945220 0.8579685 0.8908446 0.8380533 1.3627921 0.8415032 1.2111360 0.8489143 0.8625120 0.7179566 1.0142194 0.6648150 1.0897311 0.7909542 0.8236761 0.8759998 0.6479718 0.7811789 0.8322878 0.8146797 1.3258654 0.7200794 0.9996601 0.9497368 0.7180617 0.8984352 1.3263048 1.0934440 0.8285366 1.3742931 1.0025570 0.8175785 0.6711056 0.6859257 0.7346156 0.8323566 0.6471077 0.9899760 0.9077151 1.2352793 1.0360882 0.9212538 0.8041717 0.8655663 1.4970026 0.7714301 0.9229291 0.8526812 0.6843500 0.9158134 0.9762985 0.8101381 1.0038078 0.9824246 0.9667508 0.9127895 0.9449376 1.5246346 1.1379505 1.2780036 1.1738373 1.0571238 0.7471123 0.9119377 1.0451229 0.7626612 0.8678929 0.6609986 0.7559895 1.3399209 0.9105440 0.9241525 1.2580705 0.9423687 1.3698095 0.9849705 0.9065106 1.3797242 0.8195053 0.9661402 0.8674379 0.8390219 1.0545490 1.1898883 1.1897506 1.0535902 0.8168202 1.2895790 0.9561308 1.1576488 0.9517141 
YMF2018_042_S83001.trim  0.9081682 0.7034555 0.0000000 0.8249529 0.7989605 0.8996752 1.3569684 1.0069989 0.8859285 1.0391656 0.9593783 0.8200715 0.7828988 0.8601628 1.0875895 0.8642131 0.9054068 0.8985599 0.8655346 0.8312261 0.7922722 0.9842150 0.7640207 0.8174458 1.1501879 0.9424963 0.8765011 0.9180267 0.8025551 0.8201791 0.7588054 0.7242296 0.9336254 0.8112298 0.8772088 0.7607729 1.0056158 0.9575780 1.1724744 0.8116964 0.9907266 0.8917517 0.9137084 0.7469775 0.7298764 0.8163307 0.7566283 0.9647327 0.8490303 1.0278069 0.9201927 0.8101471 0.7575473 1.1165201 0.7927554 0.8960039 0.7816343 0.8373894 0.7584830 0.8607759 1.0525866 0.8896790 1.1881003 0.9426828 0.9095275 0.9136068 0.9964652 0.8917982 0.8278105 0.8594871 0.8767669 0.9460689 0.8495953 0.7630453 0.8186078 0.7179223 0.8170262 1.2482947 0.7817575 0.9052012 0.7694852 0.7852815 0.8088618 0.8335515 0.7756412 0.8615682 0.8308080 1.0192925 0.8931298 0.9729854 1.0044921 0.7594779 0.7453330 0.7708707 0.8722331 0.7434300 0.7976514 0.8287843 0.8362993 0.9309862 0.7616453 0.8193455 1.0284816 0.8663270 0.7987318 1.0022387 0.7995407 0.8213799 0.8940039 0.7759182 1.0286627 1.0803139 0.7717873 0.7526249 0.7137394 0.8289333 0.9852213 0.9118146 0.7634357 0.8873770 0.7666557 0.7112015 0.7189144 0.7883102 0.7849658 0.6915363 1.0579174 1.1870837 1.0112456 0.8743571 0.9484114 1.0126647 1.0511452 0.7427107 0.8928275 0.9070962 0.8459573 0.7010794 0.9977595 0.9690528 0.8524659 0.9261679 0.9984526 0.9140873 1.2496007 0.8213503 1.1238445 0.9354011 0.8105904 0.7744572 0.9085565 0.7498157 1.2129999 0.8198639 0.8261493 0.9681610 0.7274760 0.8754523 0.8454403 0.9057045 1.1634682 0.7503403 1.0211114 0.9541102 0.7549114 0.8691263 1.1929896 1.1424364 0.8612529 1.2340498 0.9957655 0.9035571 0.8447012 0.7316797 0.8694897 0.8229321 0.7946199 0.9977343 0.9456950 1.1458652 1.0086662 0.9476163 0.8977091 0.9109497 1.4413128 0.7814994 0.9054206 0.8662534 0.7788258 0.8569900 0.9717323 0.8799162 0.9248577 0.9784394 0.9303895 0.8556422 1.0437561 1.1930920 1.0865851 1.3414043 1.1322179 1.0984137 0.8376365 0.9538851 0.9962960 0.8279395 0.9170813 0.7632717 0.8191037 1.1989681 0.9272642 0.8421368 1.3366015 0.9117409 1.3357817 1.0626290 1.0232802 1.3077284 0.8790769 0.9732534 0.8322456 0.8283272 0.9377595 1.1909470 1.1122410 0.9931632 0.8793754 1.3533549 0.9349829 1.1449902 0.9858062 
YMF2018_044_S1001.trim   0.9126675 0.9420802 0.8249529 0.0000000 0.8807613 0.8999821 1.4033253 1.0109897 0.9621472 1.0815039 0.9648948 0.8701666 0.8005953 0.9315316 1.0408072 0.9061347 0.9504935 0.9135795 0.8763693 0.9035619 0.8217889 1.0021517 0.8737562 0.8828915 1.1267197 1.0054583 0.8128334 0.8995301 0.8720048 0.8518051 0.9124799 0.7792482 0.9270565 0.8292714 0.9148852 0.8398712 0.9772451 0.9035872 1.1143892 0.9882413 0.9703809 0.9571643 0.8707959 0.8332653 0.8564029 0.8582906 0.9712950 0.9678151 0.8382100 1.0572059 0.9072419 0.8827864 0.8852355 1.1459960 0.8638326 0.8676786 0.8636847 0.8575835 0.8488866 0.8995088 1.0268084 0.8543804 1.1632928 0.8964698 0.9852519 0.8346850 0.9506372 0.9624036 0.9408879 0.8417841 0.8555949 0.9778254 0.9163233 0.8352521 0.8507565 0.8075608 0.9140759 1.1599226 0.8839583 0.9402014 0.8705191 0.9011534 0.8834648 0.9040824 0.8275846 0.8863294 0.8728338 0.9683014 0.9350462 0.8695456 0.9547282 0.8121206 0.8039056 0.7957059 0.9069679 0.8837988 0.9172557 0.8898031 0.8509137 0.9201260 0.8459104 0.8989402 0.8871889 0.8319807 0.8438867 0.9747403 0.9437074 0.8826816 0.9303078 0.8348653 1.0476259 1.0565692 0.8579573 0.9211883 0.8129525 0.8440639 0.9972006 0.9649263 0.8163004 0.8585685 0.7924530 0.8899253 0.8702310 0.7987459 0.8179936 0.8209484 0.9008177 1.1820464 0.9510218 0.9218781 0.9355977 1.0356050 0.9487648 0.7827605 0.8116900 0.9414727 0.8384933 0.8757900 0.9164112 0.9909738 0.9506859 0.8624571 0.9581801 0.8955295 1.2172761 0.8231925 1.0129391 0.9721039 0.8628348 0.8104366 0.8524477 0.8483849 1.1291313 0.9014673 0.8215387 0.9795216 0.7770845 0.8599823 0.9247695 0.9097665 1.1126986 0.9662140 1.0516750 1.0156867 0.8436632 0.8529745 1.2483442 1.0535540 0.9914117 1.2092979 0.9370942 0.9550198 0.9663835 0.8256853 0.8281882 1.0082655 0.8116269 1.0790657 1.0129872 1.2584886 0.8983448 0.8309429 1.0237671 0.9237932 1.2549313 0.8741934 0.9798788 0.8468602 0.7694482 0.8540876 1.0932257 0.8916722 1.0075542 0.9914047 0.9558486 0.8438759 1.0502125 1.1805433 1.0515772 1.2113104 1.0415433 1.0822504 0.9780020 0.9929275 1.0086232 0.8717070 0.9922495 0.8279303 0.9502789 1.1167245 0.9448082 0.8846212 1.2660688 0.9532584 1.2476961 0.9648344 0.9874121 1.3001673 0.8056071 0.9816793 0.8775047 1.0407142 1.0559961 1.1714738 1.2769720 1.1555166 0.9052488 1.1942706 0.9199741 1.1066823 0.9447883 
YMF2018_045_S12001.trim  0.9061683 0.6963095 0.7989605 0.8807613 0.0000000 0.9136005 1.4009846 0.9330979 0.8980157 1.0325040 0.9826066 0.6890419 0.6458300 0.6788449 0.9936307 0.7141604 0.9571833 0.8240421 0.8131236 0.7323170 0.5993385 0.9821605 0.6561481 0.7187502 1.1053414 0.8799185 0.8171581 0.7720591 0.7971167 0.8012468 0.6444227 0.6414019 0.7599560 0.7052547 0.7627517 0.5620395 1.0316874 0.9505083 1.1450988 0.7456602 0.8328895 0.8678674 0.8731424 0.5150438 0.5762517 0.8449628 0.8520536 0.9046804 0.7578735 0.9374629 0.7880939 0.9134698 0.5516592 1.2234600 0.5645730 0.7356267 0.6035763 0.7321921 0.7900717 0.7911374 0.9536121 0.8647867 1.2321724 0.7981239 0.8848178 0.8184295 0.9596425 0.9177017 0.7450519 0.6381947 0.8866840 0.8670532 0.6658711 0.6873319 0.6554107 0.5898632 0.6766299 1.4120920 0.6412827 0.8357384 0.6577618 0.6903173 0.8091404 0.7513518 0.5726955 0.6557919 0.7052542 0.9497091 0.7148658 0.8989151 0.9485897 0.5565324 0.6068125 0.6192257 0.7087492 0.5093621 0.5625270 0.5644227 0.5724163 0.7891635 0.5142163 0.6218738 0.8292773 0.7133828 0.8208410 0.9204649 0.8160055 0.6235479 0.8313460 0.6306475 0.9610235 1.1063277 0.6128196 0.6459109 0.5877076 0.6909800 0.8823976 0.9218278 0.6276154 0.7411263 0.5747424 0.6354218 0.6610695 0.5622225 0.6820340 0.5435574 1.0008050 1.2518223 0.9479890 0.8203926 0.9319644 1.0240772 0.9431314 0.5601874 0.8004590 0.8818058 0.5952184 0.4730725 1.1225459 0.9925259 0.8306666 0.7472151 0.9677121 0.8206099 1.6386398 0.8062766 1.0220620 0.8583989 0.7677237 0.5894691 0.9313796 0.5714556 1.2029093 0.5912882 0.6801835 0.8766023 0.5314848 0.7055311 0.8369572 0.7972087 1.2483857 0.6204765 0.9537307 0.9518489 0.5948705 0.8242186 1.3699357 1.1456401 0.7797654 1.1268757 1.1198489 0.7736649 0.6375445 0.5655506 0.6204199 0.7412097 0.5580026 1.0785494 0.8464491 1.3036608 1.0633810 0.8555468 0.8493654 0.8422323 1.4841996 0.6698609 0.8436855 0.8437897 0.6306012 0.8212681 0.9912433 0.7350075 0.8689078 0.9176714 0.9582104 0.8234531 0.9882173 1.2270861 1.0974095 1.3323472 1.2114664 0.9659391 0.7185483 0.8729967 0.9507618 0.5895619 0.8025239 0.5630416 0.7606259 1.3989280 0.8865298 0.8416228 1.5138701 0.8938616 1.5460815 1.0327371 0.9577641 1.3581127 0.6943331 1.0150851 0.7269959 0.6772565 0.9472583 1.2354986 1.1442268 1.0383326 0.7721218 1.4689200 0.9303358 1.0554584 0.9495013 
YMF2018_046_S24001.trim  1.0332329 0.9808013 0.8996752 0.8999821 0.9136005 0.0000000 1.2543568 1.0202605 1.0583740 0.9496346 0.9532895 0.9773502 1.0464309 0.9854705 1.0036749 1.0248338 0.9831121 0.8893797 0.9270807 0.9252277 0.9349004 0.9767545 1.0043854 0.9913384 1.0277033 0.9807535 0.9045886 0.8774350 0.9708615 0.9921257 0.8829563 0.9517909 0.9911891 0.9789642 1.0829651 1.0869642 1.0460362 1.0128951 1.0906622 0.9312002 1.0594210 1.0020894 0.9015914 1.0394863 0.9204300 0.9581237 0.9518884 0.9860626 0.9657543 1.0344013 0.9791759 0.9827709 1.0453776 1.1348154 1.0566546 0.9670760 0.9516900 0.9867911 0.8937443 0.9141065 1.0495029 0.9229452 1.0690057 0.9331885 0.9721130 0.9825183 0.8962021 0.9100814 0.9599423 0.9955941 0.8869157 0.9308458 0.8775038 0.8573404 0.9071916 1.0198060 1.0377157 1.0566125 1.1569692 0.9480616 1.0484527 1.0372818 0.9078172 0.9726863 0.9094937 0.9998287 1.0801116 0.9277162 1.0113336 1.1190341 1.0945941 1.0715045 0.9421182 1.0014407 1.0003353 1.0298132 1.0047173 1.0076301 1.0715583 1.1622180 1.0647554 1.0086167 1.0199201 1.0145484 0.9795424 0.9397376 0.9289687 0.9443160 0.8870860 0.9520393 0.9235510 1.0247880 0.9919701 1.0414370 1.0033112 1.0621764 1.0454429 0.9220487 0.9797198 0.8699709 1.0111048 0.9776598 1.1216226 0.9728686 0.9600430 0.9104559 1.0069178 1.0159966 0.9694041 0.9662474 0.9819656 0.9885713 0.9187747 0.9773426 1.0175547 1.0330384 1.0376291 0.9932463 1.0842161 0.9729738 0.9069855 1.0653185 1.0475490 0.8879571 1.0813234 0.9145420 1.1275823 0.9948723 0.9558051 0.9634923 1.0094150 1.0019037 1.0555359 0.9554457 1.0165444 0.9776776 0.9503940 0.9666812 0.9139460 1.0758104 1.1473461 1.0242064 1.0509046 1.0662836 1.0595324 1.0640935 1.0513842 1.1120627 0.9679666 1.0182375 0.9649591 0.9062173 1.0134846 0.9396371 1.0587177 0.9617110 0.9815074 1.1015945 1.0153534 1.0125755 1.0568375 1.0320840 0.9688565 0.9891407 1.3595514 0.9833734 1.0481534 0.9295119 0.9317138 1.0093328 1.0689252 0.9824312 0.9944337 0.9224337 1.0054919 0.9903532 1.0164029 1.0715099 0.9897704 1.0583605 1.1194165 1.0389247 1.0424415 0.9266274 1.1036264 0.9975616 1.1412705 0.9500907 1.0953469 0.9975292 0.8903748 0.9703282 1.0952703 0.8894714 1.1656347 0.9715545 1.1158526 1.2274731 0.9834142 0.9299580 1.0222630 1.0389727 1.0569158 0.9569594 1.0582601 1.0333583 0.9268345 1.1453100 0.9746911 1.2367613 1.0083518 
YMF2018_047_S36001.trim  1.2294790 1.3658267 1.3569684 1.4033253 1.4009846 1.2543568 0.0000000 1.4375459 1.2285198 1.1815586 1.4069151 1.5205960 1.3239870 1.5864419 1.1897049 1.3951545 1.4148413 1.3186934 1.2421980 1.3689155 1.5321782 1.3419948 1.5224525 1.4109335 1.1313388 1.3307196 1.1962690 1.4761758 1.3982293 1.3972892 1.3014644 1.5121794 1.3323928 1.3825964 1.4021308 1.5902727 1.3404450 1.2436018 1.3007485 1.2933176 1.3668770 1.1819036 1.4272604 1.5963374 1.4127372 1.3563155 1.3640754 1.1933022 1.2944587 1.4171620 1.3779726 1.2386843 1.4355319 1.3272490 1.5738120 1.4108642 1.4355302 1.5011416 1.4405956 1.3097409 1.2546941 1.4348408 1.2589932 1.4688735 1.3392740 1.2463817 1.3120842 1.1750921 1.5102827 1.5524132 1.3904876 1.2143943 1.4001856 1.4953648 1.4623552 1.4672453 1.6501576 1.3058831 1.5059498 1.4455664 1.5334235 1.4549458 1.5956594 1.3151622 1.3910620 1.3862090 1.5155345 1.2804629 1.3794589 1.3702836 1.2411008 1.4797044 1.3448968 1.4946566 1.5051703 1.5655009 1.3819678 1.4058422 1.4014948 1.3163128 1.6372943 1.5127394 1.2505300 1.3291101 1.4080146 1.2869376 1.3917180 1.4281251 1.2548210 1.3948941 1.2219230 1.2769578 1.4312481 1.3154695 1.4521190 1.4513263 1.3453469 1.3966257 1.4991802 1.1358504 1.4546330 1.4048846 1.5045576 1.4109490 1.5097441 1.5224966 1.3810151 1.1475408 1.3294512 1.1116047 1.3609596 1.3929718 1.2873911 1.4543857 1.2926265 1.3923048 1.4613756 1.5598193 1.2093909 1.2767611 1.4317796 1.3717509 1.2050572 1.3668915 1.1377019 1.3638143 1.1740594 1.2164090 1.4799977 1.3624206 1.2021296 1.3839997 1.2693150 1.5863462 1.4182553 1.3553206 1.4678301 1.3560551 1.3052762 1.4764865 1.1481225 1.4748179 1.2317446 1.4944338 1.5890903 1.2639776 1.3235593 1.2097912 1.2411559 1.2413459 1.2368494 1.3139245 1.5251347 1.4956431 1.4143977 1.4581430 1.5166167 1.1895170 1.4072964 1.3569983 1.3216447 1.4882420 1.2194908 1.3282862 1.1752928 1.3956278 1.4383805 1.3258760 1.3928602 1.2477312 1.1692095 1.2623628 1.3427849 1.4540139 1.2177533 1.1397100 1.2775031 1.1783080 1.2667786 1.2619498 1.2626390 1.4133463 1.2487787 1.2314452 1.3140351 1.4646768 1.4055441 1.4426979 1.3729674 1.1503974 1.1239213 1.3591550 1.2126349 1.2700234 1.2208823 1.3216209 1.2955914 1.1331269 1.3694030 1.1620407 1.3709373 1.3401696 1.2044766 1.1928988 1.2633999 1.1867233 1.4553418 1.3389481 1.3664673 1.2802924 1.3816590 
YMF2018_048_S48001.trim  1.0727397 0.9250562 1.0069989 1.0109897 0.9330979 1.0202605 1.4375459 0.0000000 1.0230280 1.0516549 1.0561791 1.1059892 0.9161282 1.0367763 1.0984212 0.9671976 1.2101097 1.0205450 0.8951834 0.8681745 0.9385502 1.1932619 0.9370958 1.1126606 1.2096645 1.0962354 1.1104965 1.0658760 1.0505772 0.9930965 0.9791043 0.9873608 1.0499409 0.9976714 0.8934748 0.9748775 1.1359717 1.0083865 1.2173120 0.9444135 1.1532849 0.9652503 1.1914579 0.9766485 0.9301846 0.9399875 0.9671113 1.1060954 0.9583870 1.1489099 1.0608523 1.0013551 0.9637924 1.1967977 0.9832194 0.9838393 0.9952294 0.9530769 1.0047895 0.9277018 1.0976148 0.9793815 1.0198501 1.0725372 1.0602425 0.9639769 1.0475206 0.9909760 1.0297398 0.9178477 1.0685840 0.9821145 1.1479364 1.0254902 0.9692537 0.9406483 1.0278050 1.3663027 1.0451313 1.0623056 0.9299244 0.9581172 0.9905898 1.0267930 0.9500522 1.0408206 0.9340441 1.0221637 1.0128407 1.0989233 1.1397973 1.0306707 0.9761646 1.0546479 0.9574010 0.9432423 0.9780076 0.9833154 0.9764251 1.1698308 0.9606682 1.0067145 1.1514890 0.8943126 1.0003199 1.0595054 1.0476083 0.9343150 0.9758714 1.0513339 1.0290434 1.1579126 1.0320836 0.9557550 0.9571594 0.9884145 1.0222461 1.0029702 1.0001182 0.9618177 0.9868747 1.0056801 1.0800367 0.9852381 1.0368976 0.9881110 1.1003755 1.1579161 1.1300500 1.0692548 1.1097827 1.0129768 1.0496543 0.9553965 1.0417698 0.9653053 1.0452173 0.9351949 1.0661984 1.0640829 1.0144822 1.1342415 1.0446668 1.1598687 1.2851658 1.0255926 1.1929832 1.0569438 1.1249170 0.9942637 0.9706196 0.9107281 1.1447520 0.9727307 1.0096768 1.0824098 0.9344928 0.9507090 1.0301379 1.0606321 1.0421506 0.9975465 1.1249445 0.9619753 1.0440839 0.9913126 1.2298744 1.2096191 1.0197080 1.1424911 1.0451030 1.1179019 0.9599243 0.9882056 1.0703583 1.0829438 0.9719303 1.0741854 1.0384804 1.1826048 1.1139901 1.0721218 1.1265823 0.9660767 1.3094799 0.9285437 0.9633917 1.0011080 1.0005683 0.9677809 1.0074218 0.9627953 1.0243914 0.9975235 0.9799223 1.0377179 1.0446793 1.2807934 1.2413415 1.1925491 1.1314215 1.1121568 0.9038888 1.1164160 1.0512181 1.0256081 1.0385079 0.9986201 0.9262921 1.0747149 1.0167342 1.0342194 1.2946166 1.0790910 1.2943775 0.9602485 1.1692712 1.3777844 0.9894810 1.1960594 1.0985593 0.9926686 1.2219251 1.1124532 1.2508925 0.9942534 1.0494296 1.1980314 0.9837330 1.2561869 1.1329843 
YMF2018_049_S60001.trim  0.9132683 0.9401350 0.8859285 0.9621472 0.8980157 1.0583740 1.2285198 1.0230280 0.0000000 1.0656008 1.0295010 0.8683646 0.8371568 1.0652932 1.1137216 1.0500674 0.9356278 0.9616509 0.9391644 0.9125230 0.8137337 1.0541449 0.8608078 0.9102849 1.2549863 1.0476098 0.9349092 0.8953112 0.8855115 0.9914330 0.8998278 0.8683476 0.9147253 0.8470005 0.9341446 0.7831013 1.1322235 0.9898856 1.2086299 0.8904209 1.0073578 0.9107698 1.0331447 0.8462840 0.7941277 0.8628322 0.9070019 1.0028111 0.8321477 1.1829091 0.9131652 0.9183353 0.8520573 1.2293049 0.8088120 1.0620744 0.8612244 0.8421337 0.9561643 0.9793855 1.0609834 0.8812404 1.2534231 1.0959533 0.9269393 0.8893579 1.0513399 1.0318411 0.8257367 0.8548552 1.0491489 0.9946145 0.9730801 0.8387299 0.8262557 0.7822048 0.7868619 1.3003723 0.8314439 1.0197966 0.9257515 0.9063447 0.8999430 0.9242391 0.9384594 0.8687420 0.9734797 0.9653248 0.9552109 1.0604613 0.9689041 0.7967369 0.7965215 0.8659392 0.9076238 0.8393544 0.8233926 0.8203926 0.8588318 0.9259406 0.7905843 0.8625733 1.0225649 0.9111368 0.9874296 1.0978822 0.9501163 0.8711711 0.9104767 0.8593190 0.9980064 1.0465155 0.8565946 0.9462825 0.8215132 0.8862156 0.9818784 1.0518752 0.8815055 0.9826401 0.8118489 0.9031173 0.8462638 0.8165772 0.8451317 0.7922295 0.9998070 1.2570491 1.0102138 0.9898863 1.0761260 1.0783212 1.0992552 0.7929632 1.0077215 0.9628056 0.9254745 0.8919731 0.9765498 1.1326106 0.9328214 0.9000981 1.0913926 1.0067203 1.3572045 0.9061064 1.1306205 0.9329995 0.9923226 0.8868037 0.9749691 0.8660879 1.2884602 0.8672011 0.8862463 1.0229029 0.7858646 0.9502938 0.9892122 0.9525894 1.2268437 0.8702773 0.9626626 0.9800117 0.8449907 1.0053178 1.2545561 1.1692079 0.9683720 1.3136722 1.0097742 0.8431736 0.9215630 0.8231744 0.8788852 0.8880604 0.8504272 1.0670228 0.9377770 1.3058625 1.1255990 0.9092879 0.8222934 1.0276578 1.2920485 0.8245947 1.0499029 0.8966939 0.8638153 0.9818800 1.1388866 0.9031726 1.1413632 0.9158397 1.0134836 0.9288582 1.0916163 1.2489356 1.0233872 1.3692242 1.2474381 1.0205163 0.9099976 1.0028446 0.9793556 0.9389523 0.9297482 0.7829722 0.8599803 1.2041681 0.9692774 0.9256573 1.3297037 0.9196661 1.4595774 1.0296210 1.0141661 1.2971649 0.8767114 0.9597144 0.9609519 0.9599627 1.0103257 1.1888529 1.1288898 1.0628502 0.9280657 1.3465642 1.0592642 1.1745741 1.0593569 
YMF2018_050_S72001.trim  1.0857745 0.9246612 1.0391656 1.0815039 1.0325040 0.9496346 1.1815586 1.0516549 1.0656008 0.0000000 1.0374068 1.1032456 0.9969182 1.1287095 0.8893787 0.8779895 1.1364629 1.1033287 1.0041694 0.9945080 1.0506234 1.1357038 1.0738495 1.0974486 1.1520821 1.0514732 1.1424488 1.1111066 1.0710633 1.0414920 0.9364906 1.1157471 1.0601845 1.0283856 1.1403831 1.0604364 1.1044377 1.1643298 1.1512659 1.0537125 1.1716015 1.0869646 1.0345164 1.1139145 1.0114745 0.9562776 0.9524930 1.0349390 1.0699157 1.1327112 1.0904619 1.0110576 1.0281541 1.1652059 1.0184517 1.0391093 1.0630258 1.0979828 1.0547758 0.9768570 1.0238344 0.9259947 1.0179722 1.1326285 0.9795039 1.0129002 1.0603195 0.9290186 0.9390331 1.0357212 1.0088393 1.0099569 1.0795829 1.0088595 1.0465614 1.0634667 1.1824661 1.1975231 1.1777888 1.0097372 1.0512825 1.0359943 0.9285620 1.1172395 0.9936792 1.0505873 1.1528762 0.9883740 0.9801883 1.0812348 1.1214632 0.9865973 1.0259037 1.1012540 1.2059951 1.1127663 1.0415455 1.0697084 1.0966207 1.1578876 1.1165222 1.0736710 1.0357701 0.8519235 1.0185368 1.0372762 0.9989166 1.0589023 1.0661815 0.9604242 0.9810414 1.2095074 0.9822259 1.0515000 0.9325084 1.1545185 1.1311636 1.0486750 1.0812300 0.9795598 0.9708849 1.0295367 1.0570077 1.0152585 1.1540349 1.1249773 1.0291920 1.0304423 1.0596481 1.1049978 0.9564860 1.0936175 1.0881861 0.9977073 1.0413454 0.9348650 1.0917685 1.0697113 1.1773293 1.1136789 1.1595372 1.1036825 1.1051892 1.0475046 1.1705968 1.0549763 1.2710859 0.9860662 1.1315829 1.0280478 1.1335386 0.9867919 1.2599366 1.0334288 1.2110848 1.0402512 1.0166409 1.1284141 1.0064638 1.1535637 1.1883139 1.1092714 1.1944622 1.0678946 1.1363185 1.0395864 1.1526494 1.2195821 0.9495539 1.1736554 1.0724708 1.0489734 1.0305518 0.9781465 1.1227531 1.1144871 0.9642890 1.0536235 1.0782020 1.1347137 1.1368207 1.2246838 1.0227860 1.1849398 1.2128078 1.0838487 1.0225683 1.0336983 1.0492459 1.0147889 1.0216422 1.0479369 1.2226658 1.0784859 1.0993299 1.1360632 1.1118222 1.3207862 1.0989504 1.1416853 1.1230400 1.0627008 1.0188623 1.0608615 1.1430782 1.1612684 1.0787317 1.0573229 1.1253392 1.3099494 1.0241288 0.9944345 1.1414645 1.0495490 1.3627345 1.0412540 1.0866495 1.1096032 1.1298182 1.1407010 1.1076468 1.0727433 1.0899203 1.0444921 1.3134884 1.0556571 1.0432545 1.1214387 1.0124000 1.1966839 1.0389678 
YMF2018_051_S84001.trim  0.9983484 0.9181421 0.9593783 0.9648948 0.9826066 0.9532895 1.4069151 1.0561791 1.0295010 1.0374068 0.0000000 1.0087946 0.9121993 0.9830977 1.0151992 1.0103068 0.9171813 0.9643756 0.9475398 0.8998863 0.9645899 0.9384541 1.0175117 1.0623082 1.1113424 0.9638524 0.9991726 1.0243656 0.9867458 1.0800136 0.8765625 0.9239578 0.9210337 0.9122707 1.0471275 0.9520418 1.0915195 1.0387547 1.0512609 0.9800619 1.1477062 1.0389649 0.9854327 0.9467387 0.8921515 0.9144502 0.9244802 0.9771084 0.9565137 0.9036054 0.9950092 0.8713515 0.9120006 1.1684044 0.9086906 0.9276662 0.9463576 0.9570855 0.8590486 0.9617471 1.1054572 0.9930389 1.1169323 1.0016062 0.9931311 0.9798801 0.9561742 0.9205946 0.9734795 0.9266720 1.0468988 0.9382661 0.9080688 0.9813548 0.9000228 0.9701596 0.9818280 1.0742447 0.9207450 0.9067435 0.8484507 0.9779656 0.9639180 0.9032853 0.8693867 1.0527328 0.9182784 1.0500763 0.9500281 1.0411781 1.0791505 0.9208272 0.9498238 0.9255676 0.9813301 0.8602400 0.9878005 0.9716330 0.9582904 1.2288717 0.9476875 0.9516072 0.9778347 0.9983707 0.9390143 0.9881871 0.8788023 0.9401501 0.9845018 0.8937361 0.9091982 1.1821190 0.9479648 0.9483896 0.8518791 0.9376317 1.0087305 0.9747541 0.9185022 0.9649705 0.9345812 0.8746212 0.9463747 0.9433061 0.9243032 0.9342279 1.0562394 1.0450562 1.0500658 0.9781095 1.0268426 1.0789413 1.0795158 0.8753900 1.0589031 0.9533314 1.0616006 0.9186405 1.0119042 0.9824157 0.8452895 0.9332548 1.0209186 0.9798942 1.2100759 1.0221439 1.1073560 0.9495010 1.0029138 0.9002409 0.9113845 0.8812777 1.1147711 0.8519015 0.9895946 1.1375923 1.0129874 0.8917096 1.0365808 0.9669316 1.1321814 0.9954612 1.1630631 0.9616675 1.0025257 0.9552325 1.2583287 1.1527085 0.9850174 1.2786575 1.0589936 1.0008308 0.8936729 0.9163870 0.9825993 0.9332896 0.9421840 1.0354092 0.9193805 1.2695387 1.1068337 1.1008862 0.9325199 1.0339312 1.2762733 0.8978510 0.9979062 0.8877992 0.9876852 0.8852279 1.0294792 0.9637868 1.0464737 0.9627940 1.0180956 0.8893370 1.0373739 1.3019490 1.0520853 1.3233485 1.1704546 1.1756327 1.0041593 1.1021660 0.9990077 1.0324932 1.0827419 0.9074826 0.9001050 1.1785809 0.9458929 0.9370204 1.2244356 1.0144988 1.2411433 1.0216178 1.0563076 1.3047266 1.0277821 1.1975160 1.0350313 0.9734357 1.0459396 1.0491644 1.2162432 1.0873975 0.9731342 1.3037156 1.0120894 1.1031625 1.0608124 
YMF2018_052_S2001.trim   0.9510410 0.7093409 0.8200715 0.8701666 0.6890419 0.9773502 1.5205960 1.1059892 0.8683646 1.1032456 1.0087946 0.0000000 0.7170221 0.8008761 1.0458431 0.7509971 0.9403469 0.9549273 0.8410635 0.7809137 0.5833615 1.0531036 0.6028938 0.7391772 1.2205169 0.9399667 0.9071113 0.7781980 0.7702519 0.8653421 0.6761126 0.6901706 0.7792026 0.7828306 0.7345483 0.5371240 0.9518442 0.9665496 1.2569117 0.8800958 0.8965690 0.8871046 0.8981340 0.5368458 0.6071865 0.8552407 0.9850439 0.9648395 0.7168468 1.0051548 0.8008591 0.8707786 0.6751777 1.2495640 0.5642159 0.7915499 0.6856506 0.7036338 0.7840217 0.7966231 1.0615111 0.8755259 1.1931427 0.8680840 0.8748648 0.8211027 0.9888582 0.9146400 0.7260699 0.7135934 1.0200338 0.9609278 0.7019894 0.6869524 0.6150373 0.5860561 0.6528892 1.4739313 0.6266929 0.8759710 0.6881820 0.6951662 0.7687913 0.7118765 0.7084500 0.6391719 0.8288004 1.0411694 0.7730377 0.8571643 0.9538592 0.6058117 0.6459761 0.7401726 0.7189100 0.6432029 0.5757907 0.6468340 0.6557224 0.8391289 0.5742583 0.5769139 0.9231982 0.7746873 0.8168778 1.0023741 0.8686060 0.7248083 0.7925915 0.7470228 1.0852040 1.1799896 0.6727492 0.7052090 0.6146136 0.7168570 0.8927153 0.9587603 0.6659014 0.8583467 0.6433287 0.6996987 0.6347199 0.6426881 0.7039406 0.6119513 1.0463609 1.4231496 0.9585887 0.8095850 0.8871160 0.9573330 0.9841165 0.6165513 0.8970041 0.8972288 0.7082717 0.6146004 1.0662548 1.0363946 0.8251717 0.8080379 0.9195645 0.9561065 1.5317095 0.8796233 1.1910373 0.8921376 0.7859617 0.6989208 1.0088372 0.6142412 1.2653319 0.6240826 0.7104846 0.9557665 0.5388521 0.7132460 0.8748909 0.7606934 1.2868259 0.7326072 0.9951819 0.9444008 0.6299495 0.8242732 1.4887583 1.2699016 0.8804348 1.3070497 1.0700197 0.8322886 0.6993725 0.5828857 0.6640185 0.8273077 0.5925187 0.9888930 0.8708840 1.3846701 0.9419073 0.8418647 0.8124051 0.9639385 1.6440031 0.7149433 0.8537213 0.7915225 0.6328148 0.9358117 1.0958528 0.8277702 0.9859334 1.0359793 1.0362590 0.8344497 1.0187521 1.3343867 1.1312919 1.3644673 1.1442424 0.9412026 0.7727487 0.9671715 0.9614426 0.6842773 0.8890760 0.5673790 0.7542163 1.4526480 0.8999146 0.8386552 1.5253983 0.8793085 1.6289396 0.8998317 0.9005365 1.4527005 0.7012453 0.9948533 0.7925447 0.7218581 0.9208311 1.2504317 1.2353190 1.0645224 0.7577239 1.5990780 0.9354473 1.3036094 0.9958336 
YMF2018_053_S13001.trim  0.8647696 0.7427825 0.7828988 0.8005953 0.6458300 1.0464309 1.3239870 0.9161282 0.8371568 0.9969182 0.9121993 0.7170221 0.0000000 0.8276624 0.9837040 0.7512678 0.7986736 0.8064930 0.7561596 0.7522779 0.5768389 1.0258328 0.6332043 0.6014385 1.0819291 0.9310677 0.8410950 0.7272370 0.7677611 0.7841089 0.6304052 0.6545345 0.7482067 0.7263591 0.7014016 0.5280788 1.0758883 0.8829908 1.1405690 0.7946877 0.7872812 0.8825938 0.8630152 0.5410483 0.5848181 0.7250416 0.7775690 0.8368573 0.6054277 1.0089488 0.7122703 0.8504510 0.4970503 1.2411461 0.5723094 0.8602923 0.6720343 0.6079051 0.7122822 0.7313523 0.9162048 0.7576129 1.1835157 0.8378220 0.7956412 0.7154030 0.9416938 0.8177948 0.7309750 0.6519038 0.8471857 0.8507530 0.7577181 0.6512425 0.6256865 0.5292830 0.5660242 1.2165811 0.5976307 0.8445778 0.5996680 0.7027599 0.7429147 0.7498085 0.6298412 0.6331019 0.7762982 0.9136180 0.7151444 0.8861903 0.8897396 0.5751157 0.5818205 0.5877952 0.6361382 0.5492209 0.5518735 0.5946076 0.5647782 0.7343418 0.5038824 0.5933624 0.7834095 0.6175231 0.7750571 1.0009776 0.8801347 0.6824489 0.9268358 0.7047128 0.9833954 1.1012589 0.5644974 0.6576758 0.5579806 0.6707734 0.8881683 0.9952426 0.6016589 0.7518877 0.5636704 0.5848553 0.5980612 0.5422935 0.5963266 0.5202717 0.9175489 1.2463320 0.8734907 0.7215702 0.9007487 1.0533841 1.0040650 0.5222365 0.8299556 0.9078614 0.6741405 0.5497048 0.9280152 0.9198013 0.7628524 0.7513517 0.8863424 0.8480980 1.4387110 0.7763162 1.1173569 0.9068020 0.7403753 0.6318166 0.9517270 0.5831087 1.2200880 0.6210601 0.7227449 0.8961596 0.5639982 0.6623713 0.8186161 0.7227498 1.3670670 0.6411715 0.9290354 0.8207870 0.5795478 0.7428528 1.3253343 1.1180410 0.8849914 1.1185101 1.1610029 0.8408383 0.5985971 0.5195051 0.6363560 0.7680465 0.5340509 1.0216196 0.9127051 1.3357590 1.0249747 0.8709523 0.7725846 0.7627226 1.5512238 0.6322736 0.7550078 0.7367963 0.6082343 0.8359453 0.9534587 0.7074640 0.9561668 0.9241906 0.9508352 0.9229923 0.9933811 1.3074101 1.0759446 1.2764514 1.0929176 0.9486363 0.7090175 0.9273379 0.9371865 0.6516626 0.8198462 0.5639275 0.7333009 1.3776176 0.9029716 0.7906163 1.3322687 0.8772338 1.4988639 0.8501538 0.8724256 1.4525712 0.6111747 1.0652095 0.7319538 0.7641718 0.8763175 1.2309049 1.1574240 1.0572175 0.6901984 1.3788083 0.9450495 1.0615767 0.8024003 
YMF2018_054_S25001.trim  1.0117403 0.7721506 0.8601628 0.9315316 0.6788449 0.9854705 1.5864419 1.0367763 1.0652932 1.1287095 0.9830977 0.8008761 0.8276624 0.0000000 1.0348255 0.8619540 1.0794412 0.8375367 0.7422010 0.8676100 0.7253762 0.9751896 0.7469426 0.7944694 1.2040527 1.0030058 0.8973069 0.8388356 0.8722501 0.8983116 0.7269133 0.7618166 0.8071233 0.8202059 0.8174008 0.7573614 1.0270017 0.9448545 1.1635975 0.9003439 0.9464917 0.9149160 0.8891702 0.6475864 0.6569299 0.8937623 0.9557535 1.0002458 0.7333596 1.0621198 0.7711626 0.8457046 0.6616384 1.1178728 0.6959344 0.8978262 0.7362724 0.8583330 0.8441824 0.8486179 1.0529059 0.9353399 1.1876560 0.9035143 0.8748281 0.8771052 0.9184632 1.0142643 0.8806777 0.7737884 0.9658206 0.9917844 0.7474937 0.7710146 0.7294598 0.6538811 0.7797484 1.1896049 0.7091732 0.8715850 0.7760194 0.8494038 0.9198391 0.8570702 0.7875379 0.7851562 0.8616293 1.0924133 0.9040040 1.0403431 1.0473636 0.7759615 0.7542012 0.7730892 0.7842287 0.7655390 0.7186644 0.6878003 0.7503063 0.9906125 0.7267282 0.7170474 0.9884443 0.8331434 0.7951669 1.0688813 0.8623728 0.7983259 0.9578320 0.7856839 1.0786489 1.0740291 0.7418975 0.7791656 0.6579286 0.7931566 0.9360495 0.9838325 0.7659431 0.8454158 0.6613320 0.7385696 0.7694887 0.7185410 0.6922359 0.6277328 1.0752630 1.2166674 1.0182780 0.9082918 0.9185742 1.0557036 0.9826725 0.6649309 0.9199335 0.9920702 0.8188472 0.7011879 1.0791956 1.0010577 0.8898950 0.8469465 0.9311368 0.9221832 1.5616213 0.8470608 1.0768903 0.9417090 0.7986429 0.7365922 0.9672140 0.6669445 1.2909987 0.7315621 0.7659048 0.9605715 0.6839762 0.8478853 0.8998904 0.8388889 1.4396401 0.7587697 0.9631222 0.9500391 0.7762268 0.8619383 1.4368660 1.1651403 0.8123494 1.1442324 1.0813204 0.8253289 0.7494497 0.6940129 0.7754348 0.8271818 0.7137058 0.9481428 0.8819200 1.3330939 1.0281539 0.9416426 0.9227307 0.8754483 1.5032335 0.7665757 0.9141059 0.8706126 0.7511937 0.8754800 1.0600112 0.7885584 1.0616429 1.0058263 1.0469037 0.9871092 0.9767651 1.3555464 1.1559963 1.4351688 1.1379898 1.1031363 0.7381617 0.9678050 1.0531777 0.7910982 0.8823610 0.6552336 0.8202721 1.2882572 0.9770663 0.8515251 1.3517986 0.9517398 1.4060195 0.9757313 0.9252808 1.3727581 0.7827576 1.0659839 0.8443261 0.8861780 1.0946716 1.2782975 1.1126322 1.2029648 0.8403664 1.4551967 0.9214204 1.1094361 0.9586774 
YMF2018_055_S37001.trim  1.0352984 1.0240163 1.0875895 1.0408072 0.9936307 1.0036749 1.1897049 1.0984212 1.1137216 0.8893787 1.0151992 1.0458431 0.9837040 1.0348255 0.0000000 0.9414828 1.0878445 0.9699972 0.9857811 0.9081195 0.9774714 1.0555062 0.9828638 0.9395362 1.1911416 1.1050208 0.9697524 1.0179336 1.0211394 1.1128681 0.8913905 0.9395469 0.9926752 1.0532559 1.0619312 0.9798058 1.0934467 1.0782249 1.0684934 0.9241658 1.0521605 1.0804858 0.9670034 0.9739366 0.9237231 1.0280118 1.1491164 0.9662137 0.9614804 0.9165346 1.0194015 1.0272182 1.0998989 1.1337496 0.9716144 1.0322713 1.0415743 0.9243991 0.9861626 1.0117460 1.0618347 1.0489389 1.2409990 1.0098440 1.0124819 1.0942484 0.9966372 0.9143950 0.9478587 0.9994871 1.0342548 1.1027686 0.9465387 0.9380564 0.9798836 0.9752361 1.0716779 1.2156187 1.0720072 0.9909991 0.9801696 1.0533839 0.9994703 0.9223557 1.0178149 1.0476756 1.1717643 1.0313706 0.9924009 1.0017305 1.0489818 0.9935338 0.9173269 1.0129762 0.9576064 0.9949395 0.9102404 0.9802621 0.9927544 1.1346124 1.0594406 1.0760777 0.9812756 0.9813125 1.0233107 1.0885366 0.9355686 1.0128029 0.9755739 1.0183631 1.0462183 1.1492859 0.9024330 1.0501379 1.0127371 1.0862997 1.0496880 1.0990342 1.0050766 0.9092483 0.8991642 1.0404581 1.0622606 0.9536431 0.9976158 1.0416260 1.0986030 0.9804316 1.1327473 1.0254891 1.0307949 1.0640120 1.0316409 0.9043278 1.0017930 0.9998581 1.0657722 0.9504385 1.1025344 1.0461055 1.0022797 1.0723138 1.0651101 1.0283232 1.1570752 1.0532503 1.0610463 0.9840959 1.0745141 1.0380904 0.9839059 0.9252000 1.1737825 1.0010029 1.0534291 1.0532952 1.0474731 1.0285341 1.0702499 1.0397239 1.1908732 1.0985018 1.0459034 0.9810394 1.0758292 1.0446221 1.2447031 1.1154787 0.9920882 1.1008283 0.9644139 0.9529954 1.0087039 0.9715738 0.8955151 1.0488040 0.9832737 1.1078192 1.0061319 1.0868780 0.9559239 1.0085768 1.0295851 1.0701764 1.2256843 0.9819280 0.9906193 0.9716651 1.0435868 0.9402949 1.0766179 0.9933392 1.0993719 1.1980225 1.1207834 0.9807190 1.0923447 1.1833498 1.0703843 1.1864815 1.1089729 1.0935688 0.9642062 0.9586860 1.1974048 1.0601803 1.0697365 1.0000105 1.0198552 1.1301142 0.9921501 0.9416449 1.1575816 1.0092930 1.3803716 1.0449926 0.9760051 1.1787825 0.9980074 0.9650100 0.9360869 1.0474737 0.9632066 1.2042357 1.1791020 1.0989379 0.9791110 1.3272579 1.0195566 1.1157110 1.0580244 
YMF2018_057_S49001.trim  0.9548553 0.7826111 0.8642131 0.9061347 0.7141604 1.0248338 1.3951545 0.9671976 1.0500674 0.8779895 1.0103068 0.7509971 0.7512678 0.8619540 0.9414828 0.0000000 1.0621347 0.8434914 0.8977372 0.8561627 0.7387740 1.1608453 0.7410498 0.7894069 1.0622635 0.9468967 0.9264826 0.9079531 0.8593923 0.8563802 0.7730486 0.8434119 0.8432550 0.7664766 0.7914946 0.7246729 1.1448379 0.9923415 1.1439668 0.7997068 0.9191814 0.9006787 0.9196762 0.6873118 0.6432429 0.8468167 0.8344233 0.8743177 0.7507548 0.9638116 0.8508197 0.9079861 0.7293882 1.1655433 0.6953758 0.8504233 0.8023879 0.8263710 0.8932429 0.9056560 0.9011383 0.8772727 1.2422469 0.9126811 0.8957984 0.8309931 1.0035067 0.8539561 0.8452658 0.7867609 0.9351082 0.9329152 0.8120800 0.8027044 0.7181730 0.7226426 0.6967137 1.2766030 0.7020255 0.9116749 0.8009451 0.7149627 0.8391785 0.7934822 0.7331535 0.7205253 0.8729516 0.9856494 0.8264977 1.0493603 1.0392498 0.7215009 0.7864067 0.7986099 0.8304476 0.6970818 0.7225045 0.7334742 0.7521307 0.9887029 0.7244147 0.8111113 0.8700638 0.8421188 0.8465151 1.0174689 0.8365272 0.7349958 0.9777721 0.8424284 1.1362702 1.1688749 0.7735437 0.8429113 0.7811686 0.8173887 0.9261991 0.9869256 0.8340023 0.9262677 0.7670817 0.7628808 0.7263787 0.7422649 0.7911707 0.6949703 1.0611946 1.1907970 0.9520583 0.9179083 1.0516880 1.0348087 1.0452240 0.8058931 1.0032391 0.9297609 0.8152166 0.7347719 1.0129654 0.9752745 0.9424885 0.8611045 1.0311111 0.9672358 1.6030771 0.8333714 1.1834433 0.8652669 0.8682041 0.7908093 0.9861279 0.7556475 1.1279511 0.7712708 0.8124250 0.9691341 0.6306918 0.8380455 0.9102420 0.8344255 1.2825947 0.7194139 0.9490263 1.0404699 0.7216345 0.8956899 1.2660358 1.0983735 0.9382814 1.2789232 1.1005549 0.8805208 0.7452186 0.7664949 0.7374547 0.9262698 0.7265901 0.9880842 0.8702959 1.3809218 1.0599488 0.8769120 0.9114095 0.9344985 1.4329680 0.7607069 0.8692733 0.7992896 0.7497527 0.8814132 1.0454696 0.8662601 0.9291663 1.0234831 0.8841447 0.8430711 1.1141446 1.2825568 1.2079429 1.2652285 1.1692044 0.9142772 0.8412450 0.9593894 0.9858236 0.7643950 0.8141280 0.7236602 0.8255472 1.2747068 1.0282373 0.8081157 1.4307418 0.9038609 1.4389863 0.9978011 0.9585676 1.3974031 0.8248133 1.0941782 0.8065586 0.8584836 0.9400974 1.3026802 1.1987588 1.0842747 0.8888873 1.5359971 0.9911319 1.1356313 1.0521741 
YMF2018_059_S61001.trim  0.9023565 0.9905120 0.9054068 0.9504935 0.9571833 0.9831121 1.4148413 1.2101097 0.9356278 1.1364629 0.9171813 0.9403469 0.7986736 1.0794412 1.0878445 1.0621347 0.0000000 1.0501128 0.9356727 0.9227745 0.8529110 0.9898628 0.9198784 0.8256464 1.1924916 0.9500758 0.9074371 0.9139293 1.0106664 0.8766338 0.9417781 0.8975148 0.9754298 0.8944167 1.0670257 0.9692757 1.0884625 0.9368900 1.1652624 0.9595828 1.0396512 0.8694868 0.9482450 0.8744954 0.8906963 0.8668309 0.8620531 0.9126085 0.8535690 1.0154920 0.8854344 0.9978582 0.9172931 1.2082865 0.8983583 1.0807507 0.8705581 0.7847192 0.9678756 0.9089808 0.9905059 1.0930256 1.1714382 1.0007320 0.9376462 0.9476427 0.9729612 0.9337388 0.8743682 0.9007237 0.8819867 1.0394721 0.9040468 0.8655370 0.9617811 0.8673233 0.9508735 1.1348720 0.8664382 1.0188540 0.8724747 0.8803756 0.9058935 0.9489002 0.8435962 0.9576086 0.9021854 1.0142813 0.8971288 0.8951573 1.1000386 0.8879934 0.8286649 0.8450503 0.9179563 0.9445752 0.9081280 0.9282897 0.9396832 0.9756741 0.9104925 0.8878555 0.9925579 0.8663898 1.0071507 1.0286210 0.8627107 0.9658449 1.0295366 0.9277798 0.9682387 1.0941781 0.8630856 0.9284388 0.8976527 0.9443786 0.8982318 0.9573155 0.9033996 0.8822073 0.8725952 0.9220917 0.9622330 0.9419773 0.8384380 0.8291155 1.0239357 1.1485365 1.0676056 0.8842873 1.0277996 1.0732050 1.0175764 0.8530432 0.9296286 0.9877451 0.9858979 0.9502859 0.9915519 1.0509965 0.8890169 0.9179334 1.0590399 1.0123793 1.2244369 0.8728285 1.0138237 0.9436053 0.8961875 0.9495572 1.0429608 0.8967021 1.0947864 0.8861746 0.9708479 0.9263611 0.8420005 0.9234337 0.9800110 0.9657097 1.1990667 0.9532868 1.0357428 0.9534105 0.8212552 0.9560323 1.1791217 0.9560464 0.9859210 1.0940543 0.9833030 1.0060664 0.9743526 0.9421596 0.8715130 0.9703627 0.8612931 1.0869945 1.0195907 1.1290280 1.0252900 1.0157006 0.9768734 0.8430669 1.4046293 0.8801811 0.9499948 0.8857382 0.8172388 0.9208723 1.2024512 1.0450086 0.9735953 1.0008375 0.9786346 0.8870536 0.9931940 1.1932273 1.1089833 1.2644138 1.0955392 1.0054611 1.0150947 0.9623045 0.9686567 0.8468716 1.0280263 0.8611274 0.9264992 1.0848626 0.9211101 1.0180830 1.2529641 1.0805013 1.2005840 0.8939392 0.9940322 1.2621627 0.8424783 0.9598128 0.9458136 1.0453101 1.0354995 1.1689381 1.1315553 1.0473013 0.9296258 1.2905667 1.0262450 1.0896249 1.0017456 
